B(:,1)=[1 2 14 13 7 19 3];  
B(:,2)=[2 1 13 14 4 0 0]; 
B(:,3)=[3 4 15 9 5 1 0];
B(:,4)=[4 16 3 15 2 6 0];
B(:,5)=[5 6 11 17 27 3 18];
B(:,6)=[6 5 18 17 4 0 0];
B(:,7)=[7 1 8 19 20 13 9];
B(:,8)=[8 7 20 10 19 0 0]
B(:,9)=[9 10 3 21 19 11 0];
B(:,10)=[10 9 22 21 8 12 0];
B(:,11)=[11 12 5 23 27 24 9];
B(:,12)=[12 11 24 23 10 0 0];
B(:,13)=[13 25 14 19 15 0 0];
B(:,14)=[14 13 25 2 16 0 0];
B(:,15)=[15 17 4 3 26 17 13];
B(:,16)=[16 15 26 4 14 18 0];
B(:,17)=[17 28 18 15 5 0 0];
B(:,18)=[18 17 27 6 16 0 0];
B(:,19)=[19 13 25 20 7 21 0];
B(:,20)=[20 8 19 25 22 0 0];
B(:,21)=[21 22 26 19 23 0 0];
B(:,22)=[22 10 20 24 21 0 0];
B(:,23)=[23 24 27 12 21 0 0];
B(:,24)=[24 23 27 12 22 0 0];
B(:,25)=[25 13 19 20 14 26 0];
B(:,26)=[26 15 21 16 22 25 27];
B(:,27)=[27 18 24 17 23 26 0];
